prosediff: sensitivity of the moved-line matching to algorithm and threshold
2026-09-26 17:06:21

Paragraphs
==========

Corpus (Project Gutenberg; paragraphs: blocks between blank lines):
  Austen, Pride and Prejudice (en, novel)                          2,509 paragraphs
  Darwin, On the Origin of Species (en, science)                   1,322 paragraphs
  Mill, Considerations on Representative Government (en, essay)      347 paragraphs
  Manzoni, I promessi sposi (it, novel)                            3,162 paragraphs
  Goethe, Faust I (de, drama)                                      1,084 paragraphs

Trials: 1,000 (200 per book, seed 20260926), each a stretch of 40 paragraphs:
  4 moved, each edited one way; 4 deleted and 4 inserted from elsewhere in the book.
Replayed matching checked against diff.align: 200 runs, all equal.

Moves to find (a paragraph's two versions not shown face to face): 3,886
  words 0%            457 ( 11.8%)  recognisable
  words 5%            447 ( 11.5%)  recognisable
  words 10%           418 ( 10.8%)  recognisable
  words 20%           438 ( 11.3%)  recognisable
  words 30%           447 ( 11.5%)  recognisable
  words 40%           416 ( 10.7%)
  words 50%           435 ( 11.2%)
  reordered           437 ( 11.2%)  recognisable
  reordered + 10%     391 ( 10.1%)  recognisable
  (words 0% includes paragraphs left in place that the diff shows as moved
  because others moved past them.)

Best threshold of each algorithm, by F1 (precision on every move found,
recall on the recognisable ones):
  algorithm     threshold  precision     recall         F1      wrong
  tokens             0.40      93.9%      97.4%      95.6%        245
  chars              0.50      94.7%      97.9%      96.3%        211
  levenshtein        0.30      93.1%      87.3%      90.1%        257
  token-sort         0.70      99.0%      98.2%      98.6%         35
  token-set          0.80      98.9%      98.7%      98.8%         43

Time to score 250,000 pairs (diff.MOVE_MAX_CELLS, the most diff.mark_moves
scores; 500 removed x 500 added paragraphs), best of 3 runs:
  algorithm       at best   per pair    at 0.80   per pair
  tokens           0.97 s     3.9 us     0.65 s     2.6 us
  chars            1.22 s     4.9 us     0.39 s     1.6 us
  levenshtein      0.83 s     3.3 us     0.82 s     3.3 us
  token-sort       0.95 s     3.8 us     1.01 s     4.0 us
  token-set        8.88 s    35.5 us     8.80 s    35.2 us

Within 0.5 points of the best F1: token-sort, token-set.
Suggested default: token-sort at 0.70 (F1 98.6%, 0.95 s for 250,000 pairs), the fastest of those.

tokens, by threshold (recall by kind of edit, %):
  thr     prec.  recall      F1   wrong         w0%       w5%      w10%      w20%      w30%      w40%      w50%     reord reord+10%
  0.30     89.5    99.1    94.1     447       100.0      99.8      99.8      98.2      98.2      96.9      95.9      99.5      98.0
  0.35     92.4    98.8    95.5     313       100.0      99.8      99.8      98.2      98.2      96.9      95.9      98.9      96.7
  0.40     93.9    97.4    95.6     245       100.0      99.8      99.8      98.2      98.2      96.9      95.2      95.0      89.8
  0.45     95.7    95.0    95.3     168       100.0      99.8      99.8      98.2      98.2      96.6      94.9      88.3      79.0
  0.50     96.2    92.3    94.2     142       100.0      99.8      99.8      98.2      98.2      96.2      94.0      78.3      69.1
  0.55     97.4    89.2    93.1      93       100.0      99.8      99.8      98.2      98.0      94.0      91.3      68.2      56.3
  0.60     98.2    86.8    92.1      61       100.0      99.8      99.8      97.7      97.5      92.8      89.4      58.8      49.1
  0.65     98.5    84.3    90.9      49       100.0      99.8      99.8      97.3      96.6      89.2      78.9      50.8      40.9
  0.70     99.0    82.1    89.7      31       100.0      99.8      98.8      96.6      94.9      82.0      40.5      43.9      34.8
  0.75     99.2    79.5    88.3      22       100.0      99.3      98.3      95.0      90.4      54.3      17.9      37.3      30.2
  0.80     99.3    73.8    84.7      17       100.0      99.3      97.4      92.0      66.9      20.7       9.0      30.7      24.8
  0.85     99.3    63.4    77.4      14       100.0      97.5      96.2      77.6      24.8      10.8       5.1      24.0      18.4
  0.90     99.4    52.5    68.7      10       100.0      96.0      90.0      31.1      11.6       5.8       2.3      20.4      14.1
  0.95     99.3    39.4    56.4       8       100.0      86.8      40.4      11.6       4.5       1.9       0.5      17.8       8.2

chars, by threshold (recall by kind of edit, %):
  thr     prec.  recall      F1   wrong         w0%       w5%      w10%      w20%      w30%      w40%      w50%     reord reord+10%
  0.30     56.0    99.1    71.6   3,009       100.0      99.8      99.8      98.2      98.2      96.9      95.9      99.8      98.2
  0.35     58.0    99.1    73.2   2,775       100.0      99.8      99.8      98.2      98.2      96.9      95.9      99.8      98.2
  0.40     63.2    99.1    77.2   2,227       100.0      99.8      99.8      98.2      98.2      96.9      95.9      99.8      98.2
  0.45     86.6    98.8    92.3     589       100.0      99.8      99.8      98.2      98.2      96.9      95.6      99.3      96.4
  0.50     94.7    97.9    96.3     211       100.0      99.8      99.8      98.2      98.2      96.9      95.2      97.5      91.3
  0.55     96.4    93.9    95.1     136       100.0      99.8      99.8      98.2      98.0      95.7      94.9      83.8      75.4
  0.60     97.5    89.4    93.3      91       100.0      99.8      99.5      97.7      97.5      95.0      93.3      69.1      58.3
  0.65     98.4    85.5    91.5      55       100.0      99.8      99.5      97.7      97.1      93.0      88.7      54.9      44.8
  0.70     98.5    83.2    90.2      48       100.0      99.8      99.5      97.7      95.7      87.7      81.1      46.7      37.3
  0.75     98.7    80.8    88.8      40       100.0      99.8      99.5      96.8      94.2      80.8      48.0      36.6      32.5
  0.80     98.7    77.7    86.9      35       100.0      99.3      99.3      94.1      86.8      45.7      14.0      30.7      27.4
  0.85     98.8    68.8    81.1      26       100.0      99.1      96.4      87.7      45.9      13.2       5.5      25.9      21.5
  0.90     99.3    56.0    71.6      12       100.0      96.6      91.9      48.9      12.3       6.5       2.5      21.1      16.6
  0.95     99.3    41.3    58.3       9       100.0      87.2      52.2      11.0       4.7       2.6       0.9      18.8       9.2

levenshtein, by threshold (recall by kind of edit, %):
  thr     prec.  recall      F1   wrong         w0%       w5%      w10%      w20%      w30%      w40%      w50%     reord reord+10%
  0.30     93.1    87.3    90.1     257       100.0      99.8      99.8      98.2      98.2      96.4      94.5      60.2      50.9
  0.35     94.7    85.5    89.9     190       100.0      99.8      99.8      98.2      98.2      95.9      94.3      52.4      45.3
  0.40     95.8    84.3    89.7     146       100.0      99.8      99.8      98.2      98.2      95.2      93.1      48.7      39.9
  0.45     97.0    82.9    89.4     102       100.0      99.8      99.8      97.9      97.8      92.5      89.0      43.7      35.3
  0.50     97.1    81.9    88.8      97       100.0      99.8      99.8      97.7      97.3      91.1      82.5      39.6      33.0
  0.55     97.9    80.5    88.4      64       100.0      99.8      99.5      96.8      96.2      85.6      57.2      35.2      29.9
  0.60     98.5    79.3    87.9      42       100.0      99.6      98.8      96.3      94.9      74.8      27.8      31.4      28.1
  0.65     99.0    77.5    87.0      27       100.0      99.6      98.3      95.0      91.1      47.6      15.6      27.5      24.8
  0.70     99.2    73.9    84.7      19       100.0      99.6      97.8      92.9      74.9      20.7       9.2      24.5      21.0
  0.75     99.3    67.4    80.3      16       100.0      99.1      97.1      87.9      40.3      13.2       6.2      22.7      19.2
  0.80     99.3    60.0    74.8      14       100.0      98.4      95.2      66.0      18.6       9.6       3.4      20.6      16.1
  0.85     99.1    51.7    68.0      14       100.0      96.6      90.2      28.3      11.0       5.8       2.5      18.3      13.0
  0.90     99.3    44.6    61.5      10       100.0      92.8      64.1      14.6       6.3       2.9       0.9      17.8      11.0
  0.95     99.2    32.0    48.3       8       100.0      61.3      22.0       6.4       3.6       1.7       0.2      17.8       6.4

token-sort, by threshold (recall by kind of edit, %):
  thr     prec.  recall      F1   wrong         w0%       w5%      w10%      w20%      w30%      w40%      w50%     reord reord+10%
  0.30     66.6    99.3    79.7   1,923       100.0      99.8      99.8      98.2      98.2      96.9      95.9     100.0      99.0
  0.35     73.1    99.3    84.2   1,411       100.0      99.8      99.8      98.2      98.2      96.9      95.9     100.0      99.0
  0.40     81.4    99.2    89.4     872       100.0      99.8      99.8      98.2      98.2      96.9      95.4      99.8      98.5
  0.45     89.6    99.1    94.2     442       100.0      99.8      99.8      98.2      98.2      96.6      95.2      99.8      98.2
  0.50     94.9    99.1    96.9     207       100.0      99.8      99.8      98.2      98.2      96.2      94.3      99.8      98.0
  0.55     97.2    99.1    98.1     111       100.0      99.8      99.8      98.2      98.0      94.0      91.7      99.8      98.0
  0.60     98.1    98.9    98.5      75       100.0      99.8      99.8      97.7      97.5      93.0      89.9      99.8      98.0
  0.65     98.5    98.7    98.6      57       100.0      99.8      99.8      97.3      96.6      89.7      84.8      99.8      97.7
  0.70     99.0    98.2    98.6      35       100.0      99.8      98.8      96.6      94.9      84.6      72.0      99.8      97.4
  0.75     99.3    97.2    98.3      24       100.0      99.3      98.3      95.0      91.1      73.3      42.1      99.8      97.2
  0.80     99.4    94.9    97.1      18       100.0      99.3      97.4      92.2      79.9      42.1      12.2      99.8      95.9
  0.85     99.5    87.1    92.9      14       100.0      97.5      96.2      82.0      43.0      11.1       5.3      99.8      92.6
  0.90     99.6    75.5    85.9      10       100.0      96.0      90.4      45.4      11.9       5.8       2.3      99.8      87.0
  0.95     99.5    56.5    72.1       8       100.0      87.0      47.4      11.6       4.5       1.9       0.5      99.8      41.7

token-set, by threshold (recall by kind of edit, %):
  thr     prec.  recall      F1   wrong         w0%       w5%      w10%      w20%      w30%      w40%      w50%     reord reord+10%
  0.30     54.5    99.3    70.4   3,204       100.0      99.8      99.8      98.2      98.2      96.4      96.1     100.0      99.2
  0.35     56.0    99.3    71.6   3,014       100.0      99.8      99.8      98.2      98.2      96.4      96.1     100.0      99.2
  0.40     58.8    99.3    73.8   2,689       100.0      99.8      99.8      98.2      98.2      96.4      96.1     100.0      99.2
  0.45     64.1    99.3    77.9   2,149       100.0      99.8      99.8      98.2      98.2      96.4      96.1     100.0      99.0
  0.50     72.0    99.2    83.5   1,489       100.0      99.8      99.8      98.2      98.2      96.4      96.1      99.8      99.0
  0.55     83.5    99.2    90.7     755       100.0      99.8      99.8      98.2      98.2      96.4      95.9      99.8      98.5
  0.60     94.2    99.2    96.6     237       100.0      99.8      99.8      98.2      98.2      96.4      95.6      99.8      98.5
  0.65     97.2    99.1    98.1     112       100.0      99.8      99.8      98.2      98.2      95.7      94.9      99.8      98.2
  0.70     97.9    99.0    98.5      82       100.0      99.8      99.8      98.2      97.5      95.2      94.0      99.8      98.2
  0.75     98.5    98.8    98.7      58       100.0      99.8      99.5      97.7      97.1      93.3      90.1      99.8      98.0
  0.80     98.9    98.7    98.8      43       100.0      99.8      99.5      97.5      96.2      89.7      81.8      99.8      98.0
  0.85     99.2    98.1    98.6      30       100.0      99.8      99.3      96.3      93.7      80.5      53.8      99.8      97.7
  0.90     99.5    94.5    97.0      14       100.0      99.6      97.8      93.8      75.2      34.9      12.0      99.8      95.9
  0.95     99.6    79.5    88.4      11       100.0      96.4      93.8      58.4      20.1       9.4       5.3      99.8      90.0


Sentences (--by-sentence)
=========================

Corpus (Project Gutenberg; paragraphs: blocks between blank lines; sentences: split by prosediff.sentences):
  Austen, Pride and Prejudice (en, novel)                          6,352 sentences
  Darwin, On the Origin of Species (en, science)                   4,714 sentences
  Mill, Considerations on Representative Government (en, essay)    2,504 sentences
  Manzoni, I promessi sposi (it, novel)                            9,135 sentences
  Goethe, Faust I (de, drama)                                      3,641 sentences

Trials: 1,000 (200 per book, seed 20260926), each a stretch of 60 sentences:
  4 moved, each edited one way; 4 deleted and 4 inserted from elsewhere in the book.
Replayed matching checked against diff.align: 200 runs, all equal.

Moves to find (a sentence's two versions not shown face to face): 3,923
  words 0%            451 ( 11.5%)  recognisable
  words 5%            428 ( 10.9%)  recognisable
  words 10%           400 ( 10.2%)  recognisable
  words 20%           435 ( 11.1%)  recognisable
  words 30%           448 ( 11.4%)  recognisable
  words 40%           459 ( 11.7%)
  words 50%           442 ( 11.3%)
  reordered           404 ( 10.3%)  recognisable
  reordered + 10%     456 ( 11.6%)  recognisable
  (words 0% includes sentences left in place that the diff shows as moved
  because others moved past them.)

Best threshold of each algorithm, by F1 (precision on every move found,
recall on the recognisable ones):
  algorithm     threshold  precision     recall         F1      wrong
  tokens             0.40      97.8%      98.2%      98.0%         85
  chars              0.50      97.2%      97.6%      97.4%        110
  levenshtein        0.30      97.8%      86.9%      92.0%         78
  token-sort         0.55      99.4%      99.1%      99.2%         24
  token-set          0.70      99.4%      99.1%      99.3%         23

Time to score 250,000 pairs (diff.MOVE_MAX_CELLS, the most diff.mark_moves
scores; 500 removed x 500 added sentences), best of 3 runs:
  algorithm       at best   per pair    at 0.80   per pair
  tokens           0.34 s     1.3 us     0.29 s     1.2 us
  chars            0.25 s     1.0 us     0.17 s     0.7 us
  levenshtein      0.30 s     1.2 us     0.24 s     1.0 us
  token-sort       0.32 s     1.3 us     0.27 s     1.1 us
  token-set        1.91 s     7.6 us     1.87 s     7.5 us

Within 0.5 points of the best F1: token-sort, token-set.
Suggested default: token-sort at 0.55 (F1 99.2%, 0.32 s for 250,000 pairs), the fastest of those.

tokens, by threshold (recall by kind of edit, %):
  thr     prec.  recall      F1   wrong         w0%       w5%      w10%      w20%      w30%      w40%      w50%     reord reord+10%
  0.30     93.7    99.2    96.4     260       100.0      99.8      99.2      98.4      98.0      96.7      95.5      99.5      99.3
  0.35     96.5    99.0    97.7     140       100.0      99.8      99.2      98.4      98.0      96.7      94.8      99.3      98.2
  0.40     97.8    98.2    98.0      85       100.0      99.8      99.2      98.4      98.0      96.5      94.1      97.8      94.7
  0.45     98.8    96.7    97.7      45       100.0      99.8      99.2      98.2      97.8      96.3      93.2      93.6      88.6
  0.50     99.2    94.3    96.7      29       100.0      99.8      99.2      98.2      97.5      95.9      92.5      88.6      77.4
  0.55     99.4    90.3    94.7      20       100.0      99.8      99.2      98.2      97.3      93.0      86.9      73.3      64.9
  0.60     99.5    87.0    92.8      17       100.0      99.8      99.0      98.2      96.2      89.8      79.6      62.4      53.5
  0.65     99.6    83.6    90.9      14       100.0      99.8      98.8      97.5      94.6      80.6      65.4      50.5      43.9
  0.70     99.6    80.6    89.1      12       100.0      99.8      98.5      95.6      92.2      72.8      45.7      42.1      36.4
  0.75     99.6    77.1    86.9      11       100.0      99.8      97.8      93.3      82.4      52.1      23.3      36.1      30.9
  0.80     99.6    71.5    83.3      10       100.0      99.5      96.5      88.5      61.6      25.7      11.8      30.7      25.0
  0.85     99.5    62.1    76.5       9       100.0      98.6      93.2      67.4      32.1      11.5       4.1      24.0      21.5
  0.90     99.4    52.4    68.7       9       100.0      96.0      80.8      39.3      15.2       3.7       1.6      21.5      16.2
  0.95     99.4    40.3    57.3       8       100.0      82.7      46.8      14.0       5.8       1.1       0.7      19.8      12.9

chars, by threshold (recall by kind of edit, %):
  thr     prec.  recall      F1   wrong         w0%       w5%      w10%      w20%      w30%      w40%      w50%     reord reord+10%
  0.30     54.3    99.3    70.2   3,249       100.0      99.8      99.2      98.4      98.2      96.7      95.7     100.0      99.3
  0.35     56.7    99.3    72.1   2,957       100.0      99.8      99.2      98.4      98.2      96.7      95.7     100.0      99.3
  0.40     62.8    99.3    76.9   2,295       100.0      99.8      99.2      98.4      98.2      96.7      95.7     100.0      99.3
  0.45     85.7    99.1    91.9     645       100.0      99.8      99.2      98.4      98.0      96.7      95.5      99.8      98.5
  0.50     97.2    97.6    97.4     110       100.0      99.8      99.2      98.4      98.0      96.7      94.8      98.0      89.9
  0.55     99.1    93.7    96.3      32       100.0      99.8      99.2      98.4      97.8      96.1      94.8      84.7      76.3
  0.60     99.4    89.7    94.3      22       100.0      99.8      99.2      98.4      97.8      95.2      92.1      70.5      62.7
  0.65     99.6    86.0    92.3      15       100.0      99.8      99.2      97.7      96.9      91.5      85.1      57.4      51.1
  0.70     99.6    83.1    90.6      13       100.0      99.8      99.2      97.5      95.5      86.1      71.3      47.8      41.9
  0.75     99.6    79.5    88.4      13       100.0      99.5      98.0      95.6      91.5      74.3      46.4      38.6      32.9
  0.80     99.5    75.4    85.8      12       100.0      99.5      97.2      92.4      79.2      47.9      20.4      31.7      28.3
  0.85     99.5    66.5    79.7      10       100.0      98.8      94.5      78.2      46.7      14.8       7.5      26.2      22.6
  0.90     99.5    55.7    71.4       9       100.0      97.9      87.0      49.4      17.2       5.2       2.5      22.5      18.0
  0.95     99.3    41.9    59.0       9       100.0      85.3      51.0      17.2       6.5       1.3       0.7      20.5      13.2

levenshtein, by threshold (recall by kind of edit, %):
  thr     prec.  recall      F1   wrong         w0%       w5%      w10%      w20%      w30%      w40%      w50%     reord reord+10%
  0.30     97.8    86.9    92.0      78       100.0      99.8      99.2      98.2      98.0      95.4      93.7      58.7      54.2
  0.35     98.7    84.9    91.3      45       100.0      99.8      99.2      98.2      98.0      94.6      90.7      52.5      46.7
  0.40     98.9    83.5    90.5      36       100.0      99.8      99.2      98.2      97.3      94.3      87.8      46.8      42.8
  0.45     99.4    82.0    89.9      21       100.0      99.8      99.2      98.2      96.4      92.4      82.4      42.6      37.9
  0.50     99.4    81.0    89.3      19       100.0      99.8      99.2      98.2      96.0      88.5      76.0      38.9      34.9
  0.55     99.5    79.3    88.2      15       100.0      99.8      98.8      97.5      94.2      78.4      56.3      33.4      30.9
  0.60     99.5    78.1    87.5      14       100.0      99.8      98.5      96.1      91.5      67.5      39.8      31.9      28.7
  0.65     99.5    74.7    85.3      13       100.0      99.5      97.8      93.3      81.7      47.5      22.9      26.2      24.6
  0.70     99.5    71.5    83.2      11       100.0      99.5      97.2      89.7      66.7      28.5      12.4      24.5      23.2
  0.75     99.5    66.4    79.6      10       100.0      99.3      96.0      81.6      45.3      17.0       6.1      22.3      21.5
  0.80     99.5    59.8    74.7       9       100.0      98.1      91.2      63.4      26.6       8.7       2.3      21.5      19.5
  0.85     99.4    52.8    69.0       9       100.0      96.3      81.8      41.1      14.3       3.7       1.4      21.0      16.9
  0.90     99.3    44.4    61.4       9       100.0      90.2      61.3      19.5       7.4       1.5       0.7      19.8      13.8
  0.95     99.2    33.8    50.4       8       100.0      65.2      27.8       7.6       3.6       1.1       0.2      19.8      11.0

token-sort, by threshold (recall by kind of edit, %):
  thr     prec.  recall      F1   wrong         w0%       w5%      w10%      w20%      w30%      w40%      w50%     reord reord+10%
  0.30     76.2    99.3    86.2   1,210       100.0      99.8      99.2      98.4      98.0      96.5      95.5     100.0      99.6
  0.35     87.4    99.2    92.9     556       100.0      99.8      99.2      98.4      98.0      96.5      94.8      99.8      99.3
  0.40     94.9    99.2    97.0     208       100.0      99.8      99.2      98.4      98.0      96.3      94.1      99.8      99.3
  0.45     98.0    99.1    98.6      78       100.0      99.8      99.2      98.2      97.8      96.1      93.2      99.8      99.3
  0.50     98.9    99.1    99.0      42       100.0      99.8      99.2      98.2      97.5      95.6      92.5      99.8      99.3
  0.55     99.4    99.1    99.2      24       100.0      99.8      99.2      98.2      97.3      92.8      88.0      99.8      99.3
  0.60     99.5    98.9    99.2      20       100.0      99.8      99.0      98.2      96.4      90.0      81.4      99.8      99.3
  0.65     99.5    98.5    99.0      17       100.0      99.8      98.8      97.5      94.9      82.4      71.0      99.8      99.1
  0.70     99.6    97.9    98.8      13       100.0      99.8      98.5      95.6      92.6      75.2      54.1      99.8      99.1
  0.75     99.7    96.4    98.0      11       100.0      99.8      97.8      93.8      85.0      58.4      30.8      99.8      98.9
  0.80     99.7    92.6    96.0      10       100.0      99.5      96.5      89.2      67.2      32.0      13.6      99.8      97.4
  0.85     99.7    84.3    91.3       9       100.0      98.6      93.2      70.1      35.9      13.3       4.3      99.8      94.7
  0.90     99.6    73.2    84.4       9       100.0      96.0      81.8      40.9      15.8       4.1       1.6      99.8      81.6
  0.95     99.5    56.9    72.4       8       100.0      82.9      47.5      14.5       6.2       1.1       0.7      99.8      50.4

token-set, by threshold (recall by kind of edit, %):
  thr     prec.  recall      F1   wrong         w0%       w5%      w10%      w20%      w30%      w40%      w50%     reord reord+10%
  0.30     53.6    99.3    69.7   3,340       100.0      99.8      99.2      98.2      98.2      96.7      95.2     100.0      99.8
  0.35     55.5    99.3    71.2   3,099       100.0      99.8      99.2      98.2      98.2      96.7      95.2     100.0      99.8
  0.40     59.2    99.3    74.2   2,663       100.0      99.8      99.2      98.2      98.2      96.7      95.2     100.0      99.8
  0.45     66.7    99.3    79.8   1,928       100.0      99.8      99.2      98.2      98.0      96.7      95.2     100.0      99.8
  0.50     78.9    99.2    87.9   1,035       100.0      99.8      99.2      98.2      98.0      96.7      95.2     100.0      99.6
  0.55     93.4    99.2    96.2     274       100.0      99.8      99.2      98.2      98.0      96.7      95.0      99.8      99.3
  0.60     98.5    99.1    98.8      60       100.0      99.8      99.2      98.2      97.8      96.5      94.6      99.8      99.3
  0.65     99.2    99.1    99.2      30       100.0      99.8      99.2      98.2      97.8      96.3      93.7      99.8      99.3
  0.70     99.4    99.1    99.3      23       100.0      99.8      99.2      97.9      97.8      95.0      91.0      99.8      99.3
  0.75     99.6    98.9    99.2      17       100.0      99.8      99.2      97.5      96.9      93.2      84.4      99.8      99.3
  0.80     99.6    98.6    99.1      14       100.0      99.8      99.0      97.2      95.1      88.5      72.2      99.8      99.3
  0.85     99.7    97.4    98.5      12       100.0      99.8      98.0      94.7      90.8      71.9      48.2      99.8      98.9
  0.90     99.6    93.2    96.3      12       100.0      99.5      97.0      88.7      70.1      39.7      22.2      99.8      98.2
  0.95     99.6    79.3    88.3      10       100.0      97.7      89.2      55.2      27.5      12.6       6.6      99.8      88.4


Suggested defaults:
  paragraphs  token-sort at 0.70 (F1 98.6%)
  sentences   token-sort at 0.55 (F1 99.2%)

Run time: 154 s.
